2007
1995
1994
2024
2010
2016
2024
2013
2014
2015
2006
2011
2005
2024
2013
2020
2016
2024
2020
2021
2006
2024
1998
1995
2024
2024
2020
2024
2006
1995
2001
1999
2022
1995
2018
1999
2024
2024
2013
2024
2017
2007
2024
2006
2024
2006
2008
2005
2024
2007
2013
2010
2004
2010
2014
1998
2011
2024
2024
2024
2024
2024
2021
2015
2005
2000
2024
1998
2024
2011
1998
2011
2001
2010
2017
1998
2012
2012
2024
2024
2003
2011
1997
1999
2024
2024
2020
2015
2024
2006
2017
2021
2020
2012
2022
2007
2007
2008
2014
2024
2010
2005
2024
2019
2022
2021
1996
2005
1997
1999
2007
2018
2012
2017
2024
2021
2024
2024
2010
2019
2011
2009
2021
2002
2024
2003
2024
2010
2012
2024
1998
2018
2005
2024
2005
2024
2019
2000
2001
2024
1996
2020
2004
2006
2007
2024
2011
2005
2021
2001
2007
2018
1995
2005
2018
1997
2001
2017
2024
1999
2024
2011
2024
2024
2004
2007
2009
2015
2009
2024
2010
2007
1998
2011
2009
1995
2024
2024
2024
2011
2024
2020
2018
2024
2019
2019
2000
2006
2010
1998
2006
2009
2024
2004
2012
2024
2024
2016
2024
2000
2004
2024
2000
2004
2011
1998
2024
2011
2016
2024
2005
2011
2007
2005
2005
2010
2024
2024
2005
2010
2024
2004
2024
2005
1997
2024
2005
1999
2024
2002
2021
2004
2005
1998
2000
2012
2024
2016
2024
2004
2024
2024
2024
2008
2005
2010
2024
2024
2011
2024
1998
2020
2009
2016
2005
1997
2001
2006